3450 3530 4030 3720
1060 1000 850 600
1310 1320 1610 1600
2000 1800 1270 1700
3820 3720 4150 3700
2280 2280 2380 2350
2110 2880 2740 2520
1940 1800 1670 1580
1860 1420 1540 1690
2580 2700 2850 2110
1940 1780 2020 1800
1400 1440 1680 1480
2360 2260 2430 2350
1260 1100 1000 1030
2880 2920 2650 2860
2320 2420 2360 2360
1980 1720 1800 1660
2000 1940 1980 1980
3120 3180 3250 3040
2400 1900 1470 1740
1760 1630 1390 1200
2880 2980 3240 3140
1480 1760 1700 1640
3420 3150 3200 3200
1840 1660 1400 1650
1000 1130 650 840 
3580 3480 3680 3960
1400 1400 1350 1380
1880 2000 2090 2070 
1880 1710 1600 1350 
2400 2320 2550 2480 
1280 1260 1160 1330 
2220 2120 2290 2270 
3120 3000 3110 3250
2540 2500 2620 1960
3770 3340 3900 3700
920 1200 640 1030
3420 3220 3120 3290
2240 2160 2300 2300
2740 2880 2850 2880
2240 2130 2030 2140
2840 2920 2710 2750
2260 2510 2400 2450
3800 3740 3440 3400
3860 4180 3980 3680
2100 1680 1650 1930
2780 2100 1890 2000
1820 1400 1060 1050
2220 1400 1840 1360
1400 1320 1350 1100
1880 1820 1900 1840
2200 1680 1640 1110
940 960 1060 1000
1940 1900 1820 1270
2480 2220 2150 2150
3260 3200 3250 3270
1660 1780 1760 1800
1960 1940 1890 1920
4040 4180 4000 3770
1320 1260 1140 1000
2540 2560 2080 2250
2840 3060 3650 3510
1780 1700 1390 1200
2060 1840 1720 1780
1280 1300 800 1130
2200 1970 1900 2270
1940 2060 2030 1880
1260 1150 860 1150
1760 2000 1860 1860
3040 2840 2850 2670
2040 1660 1470 1160
2140 2180 2560 2720